Pair,Distance
"(0, 0)",0
"(0, 1)",1.716972347
"(1, 0)",1.716972347
"(0, 2)",2.271111005
"(2, 0)",2.271111005
"(0, 3)",2.316843911
"(3, 0)",2.316843911
"(0, 4)",3.567788008
"(4, 0)",3.567788008
"(0, 5)",4.134726908
"(5, 0)",4.134726908
"(0, 6)",1.592014639
"(6, 0)",1.592014639
"(0, 7)",7.002043388
"(7, 0)",7.002043388
"(0, 8)",5.350936367
"(8, 0)",5.350936367
"(0, 9)",7.173976743
"(9, 0)",7.173976743
"(1, 1)",0
"(1, 2)",3.981310408
"(2, 1)",3.981310408
"(1, 3)",1.049122796
"(3, 1)",1.049122796
"(1, 4)",4.444853174
"(4, 1)",4.444853174
"(1, 5)",5.011729938
"(5, 1)",5.011729938
"(1, 6)",2.437141336
"(6, 1)",2.437141336
"(1, 7)",8.023701586
"(7, 1)",8.023701586
"(1, 8)",6.83358971
"(8, 1)",6.83358971
"(1, 9)",8.690867629
"(9, 1)",8.690867629
"(2, 2)",0
"(2, 3)",3.321165858
"(3, 2)",3.321165858
"(2, 4)",4.61442532
"(4, 2)",4.61442532
"(2, 5)",6.656188289
"(5, 2)",6.656188289
"(2, 6)",3.507142198
"(6, 2)",3.507142198
"(2, 7)",8.91710881
"(7, 2)",8.91710881
"(2, 8)",7.266063926
"(8, 2)",7.266063926
"(2, 9)",6.110376003
"(9, 2)",6.110376003
"(3, 3)",0
"(3, 4)",5.092570305
"(4, 3)",5.092570305
"(3, 5)",5.659509205
"(5, 3)",5.659509205
"(3, 6)",3.065658103
"(6, 3)",3.065658103
"(3, 7)",8.567960445
"(7, 3)",8.567960445
"(3, 8)",7.377910706
"(8, 3)",7.377910706
"(3, 9)",7.642241929
"(9, 3)",7.642241929
"(4, 4)",0
"(4, 5)",0.849662705
"(5, 4)",0.849662705
"(4, 6)",3.596371074
"(6, 4)",3.596371074
"(4, 7)",9.912048055
"(7, 4)",9.912048055
"(4, 8)",7.08984311
"(8, 4)",7.08984311
"(4, 9)",9.870105512
"(9, 4)",9.870105512
"(5, 5)",0
"(5, 6)",4.072589808
"(6, 5)",4.072589808
"(5, 7)",9.669526954
"(7, 5)",9.669526954
"(5, 8)",6.847384146
"(8, 5)",6.847384146
"(5, 9)",12.73114614
"(9, 5)",12.73114614
"(6, 6)",0
"(6, 7)",5.776264816
"(7, 6)",5.776264816
"(6, 8)",4.125219932
"(8, 6)",4.125219932
"(6, 9)",8.394162976
"(9, 6)",8.394162976
"(7, 7)",0
"(7, 8)",2.362825365
"(8, 7)",2.362825365
"(7, 9)",15.66998243
"(9, 7)",15.66998243
"(8, 8)",0
"(8, 9)",14.27835993
"(9, 8)",14.27835993
"(9, 9)",0
"(10, 1)",18.19790607
"(1, 10)",18.19790607
"(10, 2)",22.32405805
"(2, 10)",22.32405805
"(10, 3)",18.91894497
"(3, 10)",18.91894497
"(10, 4)",17.04246669
"(4, 10)",17.04246669
"(10, 5)",16.83486664
"(5, 10)",16.83486664
"(10, 6)",18.46335576
"(6, 10)",18.46335576
"(10, 7)",12.49514944
"(7, 10)",12.49514944
"(10, 8)",13.83047572
"(8, 10)",13.83047572
"(10, 9)",25.97803022
"(9, 10)",25.97803022
"(11, 1)",3.261949202
"(1, 11)",3.261949202
"(11, 2)",0.872467021
"(2, 11)",0.872467021
"(11, 3)",2.570363279
"(3, 11)",2.570363279
"(11, 4)",4.673766251
"(4, 11)",4.673766251
"(11, 5)",6.910515439
"(5, 11)",6.910515439
"(11, 6)",3.137053631
"(6, 11)",3.137053631
"(11, 7)",8.547020242
"(7, 11)",8.547020242
"(11, 8)",6.895975358
"(8, 11)",6.895975358
"(11, 9)",5.417360926
"(9, 11)",5.417360926
"(12, 1)",10.47842772
"(1, 12)",10.47842772
"(12, 2)",10.65384075
"(2, 12)",10.65384075
"(12, 3)",10.26548388
"(3, 12)",10.26548388
"(12, 4)",15.4198806
"(4, 12)",15.4198806
"(12, 5)",15.21228055
"(5, 12)",15.21228055
"(12, 6)",12.99411035
"(6, 12)",12.99411035
"(12, 7)",16.88277434
"(7, 12)",16.88277434
"(12, 8)",15.69266247
"(8, 12)",15.69266247
"(12, 9)",4.29323865
"(9, 12)",4.29323865
"(13, 1)",11.63790601
"(1, 13)",11.63790601
"(13, 2)",7.831946495
"(2, 13)",7.831946495
"(13, 3)",11.42496217
"(3, 13)",11.42496217
"(13, 4)",11.40097725
"(4, 13)",11.40097725
"(13, 5)",11.19331506
"(5, 13)",11.19331506
"(13, 6)",10.44251248
"(6, 13)",10.44251248
"(13, 7)",18.04225263
"(7, 13)",18.04225263
"(13, 8)",16.85214075
"(8, 13)",16.85214075
"(13, 9)",4.004798232
"(9, 13)",4.004798232
"(14, 1)",10.62650043
"(1, 14)",10.62650043
"(14, 2)",7.163724122
"(2, 14)",7.163724122
"(14, 3)",9.848357527
"(3, 14)",9.848357527
"(14, 4)",9.204803583
"(4, 14)",9.204803583
"(14, 5)",8.997141395
"(5, 14)",8.997141395
"(14, 6)",10.94234331
"(6, 14)",10.94234331
"(14, 7)",17.48239736
"(7, 14)",17.48239736
"(14, 8)",14.66025455
"(8, 14)",14.66025455
"(14, 9)",4.098998076
"(9, 14)",4.098998076
"(15, 1)",2.864396036
"(1, 15)",2.864396036
"(15, 2)",1.533792176
"(2, 15)",1.533792176
"(15, 3)",2.460504886
"(3, 15)",2.460504886
"(15, 4)",3.486512681
"(4, 15)",3.486512681
"(15, 5)",4.053389444
"(5, 15)",4.053389444
"(15, 6)",2.739500465
"(6, 15)",2.739500465
"(15, 7)",8.149467076
"(7, 15)",8.149467076
"(15, 8)",6.498422192
"(8, 15)",6.498422192
"(15, 9)",6.436657915
"(9, 15)",6.436657915
"(16, 1)",12.23293088
"(1, 16)",12.23293088
"(16, 2)",16.35373907
"(2, 16)",16.35373907
"(16, 3)",12.95396979
"(3, 16)",12.95396979
"(16, 4)",14.70356411
"(4, 16)",14.70356411
"(16, 5)",14.49590192
"(5, 16)",14.49590192
"(16, 6)",12.49838057
"(6, 16)",12.49838057
"(16, 7)",6.53017425
"(7, 16)",6.53017425
"(16, 8)",7.865562666
"(8, 16)",7.865562666
"(16, 9)",20.01305503
"(9, 16)",20.01305503
"(17, 1)",5.438984637
"(1, 17)",5.438984637
"(17, 2)",5.838836876
"(2, 17)",5.838836876
"(17, 3)",6.330217063
"(3, 17)",6.330217063
"(17, 4)",2.955986121
"(4, 17)",2.955986121
"(17, 5)",2.961019226
"(5, 17)",2.961019226
"(17, 6)",3.624022083
"(6, 17)",3.624022083
"(17, 7)",5.926325913
"(7, 17)",5.926325913
"(17, 8)",5.261148257
"(8, 17)",5.261148257
"(17, 9)",11.06102517
"(9, 17)",11.06102517
"(18, 1)",3.501674133
"(1, 18)",3.501674133
"(18, 2)",4.427516923
"(2, 18)",4.427516923
"(18, 3)",4.101607834
"(3, 18)",4.101607834
"(18, 4)",1.544728306
"(4, 18)",1.544728306
"(18, 5)",2.111605069
"(5, 18)",2.111605069
"(18, 6)",2.646419089
"(6, 18)",2.646419089
"(18, 7)",11.17399042
"(7, 18)",11.17399042
"(18, 8)",6.405340816
"(8, 18)",6.405340816
"(18, 9)",9.010252323
"(9, 18)",9.010252323
"(19, 1)",13.01380781
"(1, 19)",13.01380781
"(19, 2)",13.40365598
"(2, 19)",13.40365598
"(19, 3)",12.80086397
"(3, 19)",12.80086397
"(19, 4)",15.44473544
"(4, 19)",15.44473544
"(19, 5)",15.23707325
"(5, 19)",15.23707325
"(19, 6)",15.52955258
"(6, 19)",15.52955258
"(19, 7)",19.41815444
"(7, 19)",19.41815444
"(19, 8)",18.22804256
"(8, 19)",18.22804256
"(19, 9)",5.380700037
"(9, 19)",5.380700037
"(20, 1)",0.747757861
"(1, 20)",0.747757861
"(20, 2)",5.5049121
"(2, 20)",5.5049121
"(20, 3)",2.105204948
"(3, 20)",2.105204948
"(20, 4)",5.131281718
"(4, 20)",5.131281718
"(20, 5)",5.698220618
"(5, 20)",5.698220618
"(20, 6)",2.519845816
"(6, 20)",2.519845816
"(20, 7)",7.325032034
"(7, 20)",7.325032034
"(20, 8)",6.134920157
"(8, 20)",6.134920157
"(20, 9)",9.164290194
"(9, 20)",9.164290194
"(21, 1)",3.063731853
"(1, 21)",3.063731853
"(21, 2)",0.594776321
"(2, 21)",0.594776321
"(21, 3)",2.659840703
"(3, 21)",2.659840703
"(21, 4)",3.980502626
"(4, 21)",3.980502626
"(21, 5)",4.547441526
"(5, 21)",4.547441526
"(21, 6)",2.938774145
"(6, 21)",2.938774145
"(21, 7)",8.348802893
"(7, 21)",8.348802893
"(21, 8)",6.697695872
"(8, 21)",6.697695872
"(21, 9)",5.755759573
"(9, 21)",5.755759573
"(22, 1)",3.137985687
"(1, 22)",3.137985687
"(22, 2)",1.011591988
"(2, 22)",1.011591988
"(22, 3)",2.734094537
"(3, 22)",2.734094537
"(22, 4)",4.549802736
"(4, 22)",4.549802736
"(22, 5)",5.116741637
"(5, 22)",5.116741637
"(22, 6)",3.013090116
"(6, 22)",3.013090116
"(22, 7)",8.423056728
"(7, 22)",8.423056728
"(22, 8)",6.772011844
"(8, 22)",6.772011844
"(22, 9)",5.914457726
"(9, 22)",5.914457726
"(23, 1)",7.57494745
"(1, 23)",7.57494745
"(23, 2)",7.750360483
"(2, 23)",7.750360483
"(23, 3)",7.362003608
"(3, 23)",7.362003608
"(23, 4)",11.21959905
"(4, 23)",11.21959905
"(23, 5)",13.7884089
"(5, 23)",13.7884089
"(23, 6)",10.09063008
"(6, 23)",10.09063008
"(23, 7)",13.97929407
"(7, 23)",13.97929407
"(23, 8)",12.7891822
"(8, 23)",12.7891822
"(23, 9)",3.413812274
"(9, 23)",3.413812274
"(24, 1)",8.047748644
"(1, 24)",8.047748644
"(24, 2)",6.304243755
"(2, 24)",6.304243755
"(24, 3)",7.834866939
"(3, 24)",7.834866939
"(24, 4)",9.635103
"(4, 24)",9.635103
"(24, 5)",12.15892559
"(5, 24)",12.15892559
"(24, 6)",8.149032117
"(6, 24)",8.149032117
"(24, 7)",14.45209527
"(7, 24)",14.45209527
"(24, 8)",13.26204553
"(8, 24)",13.26204553
"(24, 9)",1.142825543
"(9, 24)",1.142825543
"(25, 1)",3.566855951
"(1, 25)",3.566855951
"(25, 2)",7.687664149
"(2, 25)",7.687664149
"(25, 3)",4.28789486
"(3, 25)",4.28789486
"(25, 4)",6.504573765
"(4, 25)",6.504573765
"(25, 5)",6.681913049
"(5, 25)",6.681913049
"(25, 6)",3.743698138
"(6, 25)",3.743698138
"(25, 7)",5.544058473
"(7, 25)",5.544058473
"(25, 8)",4.353946597
"(8, 25)",4.353946597
"(25, 9)",11.34698011
"(9, 25)",11.34698011
"(26, 1)",4.084520131
"(1, 26)",4.084520131
"(26, 2)",4.28081123
"(2, 26)",4.28081123
"(26, 3)",4.684391695
"(3, 26)",4.684391695
"(26, 4)",0.963497873
"(4, 26)",0.963497873
"(26, 5)",1.530436773
"(5, 26)",1.530436773
"(26, 6)",2.559240738
"(6, 26)",2.559240738
"(26, 7)",10.59282212
"(7, 26)",10.59282212
"(26, 8)",6.25484476
"(8, 26)",6.25484476
"(26, 9)",9.502999526
"(9, 26)",9.502999526
"(27, 1)",14.88432093
"(1, 27)",14.88432093
"(27, 2)",19.00512913
"(2, 27)",19.00512913
"(27, 3)",15.60542198
"(3, 27)",15.60542198
"(27, 4)",16.81405071
"(4, 27)",16.81405071
"(27, 5)",16.60638852
"(5, 27)",16.60638852
"(27, 6)",15.14983276
"(6, 27)",15.14983276
"(27, 7)",9.181564307
"(7, 27)",9.181564307
"(27, 8)",10.51695272
"(8, 27)",10.51695272
"(27, 9)",22.66450723
"(9, 27)",22.66450723
"(28, 1)",0.840963511
"(1, 28)",0.840963511
"(28, 2)",4.424472206
"(2, 28)",4.424472206
"(28, 3)",0.729489554
"(3, 28)",0.729489554
"(28, 4)",5.04938502
"(4, 28)",5.04938502
"(28, 5)",5.616323921
"(5, 28)",5.616323921
"(28, 6)",3.261514242
"(6, 28)",3.261514242
"(28, 7)",8.17146361
"(7, 28)",8.17146361
"(28, 8)",6.981413871
"(8, 28)",6.981413871
"(28, 9)",8.083850299
"(9, 28)",8.083850299
"(29, 1)",8.213965386
"(1, 29)",8.213965386
"(29, 2)",6.570501228
"(2, 29)",6.570501228
"(29, 3)",8.001021544
"(3, 29)",8.001021544
"(29, 4)",9.901422611
"(4, 29)",9.901422611
"(29, 5)",12.6292413
"(5, 29)",12.6292413
"(29, 6)",8.41528959
"(6, 29)",8.41528959
"(29, 7)",14.61831201
"(7, 29)",14.61831201
"(29, 8)",13.42820013
"(8, 29)",13.42820013
"(29, 9)",1.613141253
"(9, 29)",1.613141253
"(30, 1)",9.413273553
"(1, 30)",9.413273553
"(30, 2)",5.662802471
"(2, 30)",5.662802471
"(30, 3)",9.200329712
"(3, 30)",9.200329712
"(30, 4)",10.89872307
"(4, 30)",10.89872307
"(30, 5)",10.69106088
"(5, 30)",10.69106088
"(30, 6)",7.927389081
"(6, 30)",7.927389081
"(30, 7)",15.81762018
"(7, 30)",15.81762018
"(30, 8)",14.6275083
"(8, 30)",14.6275083
"(30, 9)",1.019359126
"(9, 30)",1.019359126
"(31, 1)",9.127691442
"(1, 31)",9.127691442
"(31, 2)",7.338205099
"(2, 31)",7.338205099
"(31, 3)",8.914809737
"(3, 31)",8.914809737
"(31, 4)",12.40679048
"(4, 31)",12.40679048
"(31, 5)",12.19919043
"(5, 31)",12.19919043
"(31, 6)",9.182993461
"(6, 31)",9.182993461
"(31, 7)",15.53203806
"(7, 31)",15.53203806
"(31, 8)",14.34198833
"(8, 31)",14.34198833
"(31, 9)",0.994504286
"(9, 31)",0.994504286
"(32, 1)",4.789900491
"(1, 32)",4.789900491
"(32, 2)",2.40041831
"(2, 32)",2.40041831
"(32, 3)",4.098314568
"(3, 32)",4.098314568
"(32, 4)",5.555243151
"(4, 32)",5.555243151
"(32, 5)",7.59700612
"(5, 32)",7.59700612
"(32, 6)",4.66500492
"(6, 32)",4.66500492
"(32, 7)",13.20077835
"(7, 32)",13.20077835
"(32, 8)",8.423926647
"(8, 32)",8.423926647
"(32, 9)",4.151503925
"(9, 32)",4.151503925
"(33, 1)",3.235354523
"(1, 33)",3.235354523
"(33, 2)",4.5574456
"(2, 33)",4.5574456
"(33, 3)",4.126586948
"(3, 33)",4.126586948
"(33, 4)",2.290746329
"(4, 33)",2.290746329
"(33, 5)",2.496047307
"(5, 33)",2.496047307
"(33, 6)",1.139656551
"(6, 33)",1.139656551
"(33, 7)",6.280818068
"(7, 33)",6.280818068
"(33, 8)",4.629773184
"(8, 33)",4.629773184
"(33, 9)",12.34341064
"(9, 33)",12.34341064
"(34, 1)",2.410111698
"(1, 34)",2.410111698
"(34, 2)",6.76716515
"(2, 34)",6.76716515
"(34, 3)",3.36739586
"(3, 34)",3.36739586
"(34, 4)",5.801181793
"(4, 34)",5.801181793
"(34, 5)",6.368120694
"(5, 34)",6.368120694
"(34, 6)",2.600189087
"(6, 34)",2.600189087
"(34, 7)",6.624063408
"(7, 34)",6.624063408
"(34, 8)",4.241105623
"(8, 34)",4.241105623
"(34, 9)",10.42648111
"(9, 34)",10.42648111
"(35, 1)",0.223134326
"(1, 35)",0.223134326
"(35, 2)",4.094586342
"(2, 35)",4.094586342
"(35, 3)",1.162336593
"(3, 35)",1.162336593
"(35, 4)",4.558066971
"(4, 35)",4.558066971
"(35, 5)",5.125005871
"(5, 35)",5.125005871
"(35, 6)",2.461374805
"(6, 35)",2.461374805
"(35, 7)",8.001207956
"(7, 35)",8.001207956
"(35, 8)",6.811096079
"(8, 35)",6.811096079
"(35, 9)",8.839188886
"(9, 35)",8.839188886
"(36, 1)",0.868676658
"(1, 36)",0.868676658
"(36, 2)",4.452185352
"(2, 36)",4.452185352
"(36, 3)",0.757202701
"(3, 36)",0.757202701
"(36, 4)",5.07703603
"(4, 36)",5.07703603
"(36, 5)",5.64397493
"(5, 36)",5.64397493
"(36, 6)",3.289227389
"(6, 36)",3.289227389
"(36, 7)",8.199176756
"(7, 36)",8.199176756
"(36, 8)",7.00906488
"(8, 36)",7.00906488
"(36, 9)",8.111501308
"(9, 36)",8.111501308
"(37, 1)",3.150226696
"(1, 37)",3.150226696
"(37, 2)",1.667821901
"(2, 37)",1.667821901
"(37, 3)",3.06808145
"(3, 37)",3.06808145
"(37, 4)",3.25449275
"(4, 37)",3.25449275
"(37, 5)",3.82143165
"(5, 37)",3.82143165
"(37, 6)",3.106109355
"(6, 37)",3.106109355
"(37, 7)",8.516075966
"(7, 37)",8.516075966
"(37, 8)",6.865031082
"(8, 37)",6.865031082
"(37, 9)",7.044234479
"(9, 37)",7.044234479
"(38, 1)",1.08075058
"(1, 38)",1.08075058
"(38, 2)",4.30224853
"(2, 38)",4.30224853
"(38, 3)",1.971983006
"(3, 38)",1.971983006
"(38, 4)",4.547627938
"(4, 38)",4.547627938
"(38, 5)",5.114566838
"(5, 38)",5.114566838
"(38, 6)",1.346697368
"(6, 38)",1.346697368
"(38, 7)",6.492581305
"(7, 38)",6.492581305
"(38, 8)",4.841474284
"(8, 38)",4.841474284
"(38, 9)",10.1888067
"(9, 38)",10.1888067
"(39, 1)",8.589024922
"(1, 39)",8.589024922
"(39, 2)",5.289047815
"(2, 39)",5.289047815
"(39, 3)",8.37608108
"(3, 39)",8.37608108
"(39, 4)",11.51108419
"(4, 39)",11.51108419
"(39, 5)",11.303422
"(5, 39)",11.303422
"(39, 6)",7.725194958
"(6, 39)",7.725194958
"(39, 7)",14.99337154
"(7, 39)",14.99337154
"(39, 8)",13.80325967
"(8, 39)",13.80325967
"(39, 9)",0.60745229
"(9, 39)",0.60745229
"(40, 1)",12.07441913
"(1, 40)",12.07441913
"(40, 2)",9.578744651
"(2, 40)",9.578744651
"(40, 3)",11.86147529
"(3, 40)",11.86147529
"(40, 4)",14.86748178
"(4, 40)",14.86748178
"(40, 5)",14.65981959
"(5, 40)",14.65981959
"(40, 6)",14.59010177
"(6, 40)",14.59010177
"(40, 7)",18.47876576
"(7, 40)",18.47876576
"(40, 8)",17.28865388
"(8, 40)",17.28865388
"(40, 9)",4.44131136
"(9, 40)",4.44131136
"(41, 1)",0.770748588
"(1, 41)",0.770748588
"(41, 2)",3.315946342
"(2, 41)",3.315946342
"(41, 3)",1.163641472
"(3, 41)",1.163641472
"(41, 4)",3.993365006
"(4, 41)",3.993365006
"(41, 5)",4.560303906
"(5, 41)",4.560303906
"(41, 6)",2.056613736
"(6, 41)",2.056613736
"(41, 7)",9.076987568
"(7, 41)",9.076987568
"(41, 8)",5.441780807
"(8, 41)",5.441780807
"(41, 9)",8.98931212
"(9, 41)",8.98931212
"(42, 1)",8.201475829
"(1, 42)",8.201475829
"(42, 2)",6.44510856
"(2, 42)",6.44510856
"(42, 3)",7.988531987
"(3, 42)",7.988531987
"(42, 4)",9.775967806
"(4, 42)",9.775967806
"(42, 5)",12.39299605
"(5, 42)",12.39299605
"(42, 6)",8.289896922
"(6, 42)",8.289896922
"(42, 7)",14.60582245
"(7, 42)",14.60582245
"(42, 8)",13.41571058
"(8, 42)",13.41571058
"(42, 9)",1.376958136
"(9, 42)",1.376958136
"(43, 1)",4.735716939
"(1, 43)",4.735716939
"(43, 2)",4.932070175
"(2, 43)",4.932070175
"(43, 3)",5.33565064
"(3, 43)",5.33565064
"(43, 4)",0.592974345
"(4, 43)",0.592974345
"(43, 5)",0.385374294
"(5, 43)",0.385374294
"(43, 6)",3.880461895
"(6, 43)",3.880461895
"(43, 7)",9.447697507
"(7, 43)",9.447697507
"(43, 8)",6.625554699
"(8, 43)",6.625554699
"(43, 9)",12.5093167
"(9, 43)",12.5093167
"(44, 1)",5.651742068
"(1, 44)",5.651742068
"(44, 2)",4.821776823
"(2, 44)",4.821776823
"(44, 3)",5.438798226
"(3, 44)",5.438798226
"(44, 4)",8.152698206
"(4, 44)",8.152698206
"(44, 5)",10.19446117
"(5, 44)",10.19446117
"(44, 6)",8.167486835
"(6, 44)",8.167486835
"(44, 7)",12.05608869
"(7, 44)",12.05608869
"(44, 8)",10.86597681
"(8, 44)",10.86597681
"(44, 9)",3.958692504
"(9, 44)",3.958692504
"(45, 1)",2.119061521
"(1, 45)",2.119061521
"(45, 2)",3.447987679
"(2, 45)",3.447987679
"(45, 3)",3.010293947
"(3, 45)",3.010293947
"(45, 4)",3.505029537
"(4, 45)",3.505029537
"(45, 5)",4.071968437
"(5, 45)",4.071968437
"(45, 6)",0.304098967
"(6, 45)",0.304098967
"(45, 7)",5.546233272
"(7, 45)",5.546233272
"(45, 8)",3.895126251
"(8, 45)",3.895126251
"(45, 9)",11.22711764
"(9, 45)",11.22711764
"(46, 1)",8.229499661
"(1, 46)",8.229499661
"(46, 2)",12.35024572
"(2, 46)",12.35024572
"(46, 3)",8.95053857
"(3, 46)",8.95053857
"(46, 4)",10.29412908
"(4, 46)",10.29412908
"(46, 5)",10.08646689
"(5, 46)",10.08646689
"(46, 6)",5.855800304
"(6, 46)",5.855800304
"(46, 7)",0.334981106
"(7, 46)",0.334981106
"(46, 8)",2.443852143
"(8, 46)",2.443852143
"(46, 9)",16.00962382
"(9, 46)",16.00962382
"(47, 1)",10.30574872
"(1, 47)",10.30574872
"(47, 2)",6.904177455
"(2, 47)",6.904177455
"(47, 3)",10.09280488
"(3, 47)",10.09280488
"(47, 4)",11.66698617
"(4, 47)",11.66698617
"(47, 5)",11.45932398
"(5, 47)",11.45932398
"(47, 6)",9.168764065
"(6, 47)",9.168764065
"(47, 7)",16.71009534
"(7, 47)",16.71009534
"(47, 8)",15.51998347
"(8, 47)",15.51998347
"(47, 9)",2.260734109
"(9, 47)",2.260734109
"(48, 1)",3.291899284
"(1, 48)",3.291899284
"(48, 2)",4.217679937
"(2, 48)",4.217679937
"(48, 3)",3.891770847
"(3, 48)",3.891770847
"(48, 4)",1.334891319
"(4, 48)",1.334891319
"(48, 5)",1.90183022
"(5, 48)",1.90183022
"(48, 6)",2.436582102
"(6, 48)",2.436582102
"(48, 7)",10.96415343
"(7, 48)",10.96415343
"(48, 8)",6.19550383
"(8, 48)",6.19550383
"(48, 9)",8.800477473
"(9, 48)",8.800477473
"(49, 1)",4.927844853
"(1, 49)",4.927844853
"(49, 2)",5.124198089
"(2, 49)",5.124198089
"(49, 3)",5.527716416
"(3, 49)",5.527716416
"(49, 4)",0.785102259
"(4, 49)",0.785102259
"(49, 5)",0
"(5, 49)",0
"(49, 6)",4.072589808
"(6, 49)",4.072589808
"(49, 7)",9.669526954
"(7, 49)",9.669526954
"(49, 8)",6.847384146
"(8, 49)",6.847384146
"(49, 9)",12.73114614
"(9, 49)",12.73114614
"(50, 1)",1.560573267
"(1, 50)",1.560573267
"(50, 2)",2.367547784
"(2, 50)",2.367547784
"(50, 3)",1.147920785
"(3, 50)",1.147920785
"(50, 4)",4.184871548
"(4, 50)",4.184871548
"(50, 5)",4.751810448
"(5, 50)",4.751810448
"(50, 6)",2.648158928
"(6, 50)",2.648158928
"(50, 7)",9.563521061
"(7, 50)",9.563521061
"(50, 8)",6.407080655
"(8, 50)",6.407080655
"(50, 9)",7.969455898
"(9, 50)",7.969455898
"(51, 1)",2.849358858
"(1, 51)",2.849358858
"(51, 2)",3.455071308
"(2, 51)",3.455071308
"(51, 3)",3.449230421
"(3, 51)",3.449230421
"(51, 4)",2.111232247
"(4, 51)",2.111232247
"(51, 5)",2.678171147
"(5, 51)",2.678171147
"(51, 6)",2.239856044
"(6, 51)",2.239856044
"(51, 7)",7.649822655
"(7, 51)",7.649822655
"(51, 8)",5.998777771
"(8, 51)",5.998777771
"(51, 9)",8.357937047
"(9, 51)",8.357937047
"(52, 1)",2.719119496
"(1, 52)",2.719119496
"(52, 2)",3.897363186
"(2, 52)",3.897363186
"(52, 3)",3.467188043
"(3, 52)",3.467188043
"(52, 4)",2.551784286
"(4, 52)",2.551784286
"(52, 5)",3.118723186
"(5, 52)",3.118723186
"(52, 6)",0.823751535
"(6, 52)",0.823751535
"(52, 7)",6.175247135
"(7, 52)",6.175247135
"(52, 8)",4.524140114
"(8, 52)",4.524140114
"(52, 9)",8.800291062
"(9, 52)",8.800291062
"(53, 1)",4.189221145
"(1, 53)",4.189221145
"(53, 2)",0.813001816
"(2, 53)",0.813001816
"(53, 3)",3.497635222
"(3, 53)",3.497635222
"(53, 4)",4.596405561
"(4, 53)",4.596405561
"(53, 5)",6.63816853
"(5, 53)",6.63816853
"(53, 6)",4.064325574
"(6, 53)",4.064325574
"(53, 7)",9.474292185
"(7, 53)",9.474292185
"(53, 8)",7.823247301
"(8, 53)",7.823247301
"(53, 9)",5.853376957
"(9, 53)",5.853376957
"(54, 1)",9.844567164
"(1, 54)",9.844567164
"(54, 2)",7.096243231
"(2, 54)",7.096243231
"(54, 3)",9.631623323
"(3, 54)",9.631623323
"(54, 4)",14.78558508
"(4, 54)",14.78558508
"(54, 5)",14.57792289
"(5, 54)",14.57792289
"(54, 6)",12.36024979
"(6, 54)",12.36024979
"(54, 7)",16.24891379
"(7, 54)",16.24891379
"(54, 8)",15.05880191
"(8, 54)",15.05880191
"(54, 9)",2.211459389
"(9, 54)",2.211459389
"(55, 1)",0.799518066
"(1, 55)",0.799518066
"(55, 2)",3.532929095
"(2, 55)",3.532929095
"(55, 3)",1.54677883
"(3, 55)",1.54677883
"(55, 4)",3.857843991
"(4, 55)",3.857843991
"(55, 5)",4.424782891
"(5, 55)",4.424782891
"(55, 6)",1.555726573
"(6, 55)",1.555726573
"(55, 7)",6.965693184
"(7, 55)",6.965693184
"(55, 8)",5.3146483
"(8, 55)",5.3146483
"(55, 9)",9.29763641
"(9, 55)",9.29763641
"(56, 1)",2.410111698
"(1, 56)",2.410111698
"(56, 2)",6.76716515
"(2, 56)",6.76716515
"(56, 3)",3.36739586
"(3, 56)",3.36739586
"(56, 4)",5.801181793
"(4, 56)",5.801181793
"(56, 5)",6.368120694
"(5, 56)",6.368120694
"(56, 6)",2.600189087
"(6, 56)",2.600189087
"(56, 7)",6.624063408
"(7, 56)",6.624063408
"(56, 8)",4.241105623
"(8, 56)",4.241105623
"(56, 9)",10.42648111
"(9, 56)",10.42648111
"(57, 1)",3.742455396
"(1, 57)",3.742455396
"(57, 2)",5.071381554
"(2, 57)",5.071381554
"(57, 3)",5.900849702
"(3, 57)",5.900849702
"(57, 4)",3.955896334
"(4, 57)",3.955896334
"(57, 5)",3.96092944
"(5, 57)",3.96092944
"(57, 6)",1.927554979
"(6, 57)",1.927554979
"(57, 7)",4.700858026
"(7, 57)",4.700858026
"(57, 8)",3.049751005
"(8, 57)",3.049751005
"(57, 9)",12.95993495
"(9, 57)",12.95993495
"(58, 1)",11.10253275
"(1, 58)",11.10253275
"(58, 2)",15.22334095
"(2, 58)",15.22334095
"(58, 3)",11.8236338
"(3, 58)",11.8236338
"(58, 4)",13.31970876
"(4, 58)",13.31970876
"(58, 5)",13.11204657
"(5, 58)",13.11204657
"(58, 6)",9.158697855
"(6, 58)",9.158697855
"(58, 7)",3.623400712
"(7, 58)",3.623400712
"(58, 8)",5.746687556
"(8, 58)",5.746687556
"(58, 9)",18.88271904
"(9, 58)",18.88271904
"(59, 1)",8.367692572
"(1, 59)",8.367692572
"(59, 2)",6.75815527
"(2, 59)",6.75815527
"(59, 3)",8.15474873
"(3, 59)",8.15474873
"(59, 4)",12.36751984
"(4, 59)",12.36751984
"(59, 5)",12.15991978
"(5, 59)",12.15991978
"(59, 6)",8.602943632
"(6, 59)",8.602943632
"(59, 7)",14.77203919
"(7, 59)",14.77203919
"(59, 8)",13.58192732
"(8, 59)",13.58192732
"(59, 9)",1.143819737
"(9, 59)",1.143819737
"(60, 1)",0.861530892
"(1, 60)",0.861530892
"(60, 2)",3.255797629
"(2, 60)",3.255797629
"(60, 3)",1.389385556
"(3, 60)",1.389385556
"(60, 4)",3.657265432
"(4, 60)",3.657265432
"(60, 5)",4.224204332
"(5, 60)",4.224204332
"(60, 6)",1.714300452
"(6, 60)",1.714300452
"(60, 7)",7.124267063
"(7, 60)",7.124267063
"(60, 8)",5.473160042
"(8, 60)",5.473160042
"(60, 9)",9.21449697
"(9, 60)",9.21449697
"(61, 1)",3.515841392
"(1, 61)",3.515841392
"(61, 2)",2.056489462
"(2, 61)",2.056489462
"(61, 3)",2.461312668
"(3, 61)",2.461312668
"(61, 4)",5.437990444
"(4, 61)",5.437990444
"(61, 5)",8.094600017
"(5, 61)",8.094600017
"(61, 6)",3.901277824
"(6, 61)",3.901277824
"(61, 7)",11.40209571
"(7, 61)",11.40209571
"(61, 8)",7.660199551
"(8, 61)",7.660199551
"(61, 9)",4.862352349
"(9, 61)",4.862352349
"(62, 1)",0.80113363
"(1, 62)",0.80113363
"(62, 2)",3.531251393
"(2, 62)",3.531251393
"(62, 3)",1.548394395
"(3, 62)",1.548394395
"(62, 4)",3.856228426
"(4, 62)",3.856228426
"(62, 5)",4.423167326
"(5, 62)",4.423167326
"(62, 6)",1.554048871
"(6, 62)",1.554048871
"(62, 7)",6.964015483
"(7, 62)",6.964015483
"(62, 8)",5.312970598
"(8, 62)",5.312970598
"(62, 9)",9.299314112
"(9, 62)",9.299314112
"(63, 1)",9.68866518
"(1, 63)",9.68866518
"(63, 2)",6.004556521
"(2, 63)",6.004556521
"(63, 3)",9.475721339
"(3, 63)",9.475721339
"(63, 4)",10.49967861
"(4, 63)",10.49967861
"(63, 5)",10.29201642
"(5, 63)",10.29201642
"(63, 6)",8.269143131
"(6, 63)",8.269143131
"(63, 7)",16.0930118
"(7, 63)",16.0930118
"(63, 8)",14.90289993
"(8, 63)",14.90289993
"(63, 9)",1.361051038
"(9, 63)",1.361051038
"(64, 1)",8.533660766
"(1, 64)",8.533660766
"(64, 2)",6.119385882
"(2, 64)",6.119385882
"(64, 3)",8.320779061
"(3, 64)",8.320779061
"(64, 4)",11.8378632
"(4, 64)",11.8378632
"(64, 5)",11.63020101
"(5, 64)",11.63020101
"(64, 6)",7.964174244
"(6, 64)",7.964174244
"(64, 7)",14.93800739
"(7, 64)",14.93800739
"(64, 8)",13.74795765
"(8, 64)",13.74795765
"(64, 9)",0.468265186
"(9, 64)",0.468265186
"(65, 1)",6.78344507
"(1, 65)",6.78344507
"(65, 2)",7.540337085
"(2, 65)",7.540337085
"(65, 3)",7.504483978
"(3, 65)",7.504483978
"(65, 4)",6.479097554
"(4, 65)",6.479097554
"(65, 5)",6.271435366
"(5, 65)",6.271435366
"(65, 6)",4.396510511
"(6, 65)",4.396510511
"(65, 7)",2.781443007
"(7, 65)",2.781443007
"(65, 8)",0.75571141
"(8, 65)",0.75571141
"(65, 9)",14.56356922
"(9, 65)",14.56356922
"(66, 1)",7.249721868
"(1, 66)",7.249721868
"(66, 2)",10.76208358
"(2, 66)",10.76208358
"(66, 3)",7.970760777
"(3, 66)",7.970760777
"(66, 4)",5.48049222
"(4, 66)",5.48049222
"(66, 5)",5.272830032
"(5, 66)",5.272830032
"(66, 6)",4.549864873
"(6, 66)",4.549864873
"(66, 7)",3.153085002
"(7, 66)",3.153085002
"(66, 8)",1.818815054
"(8, 66)",1.818815054
"(66, 9)",15.02984602
"(9, 66)",15.02984602
"(67, 1)",3.643657407
"(1, 67)",3.643657407
"(67, 2)",4.972583565
"(2, 67)",4.972583565
"(67, 3)",4.534889832
"(3, 67)",4.534889832
"(67, 4)",2.987365357
"(4, 67)",2.987365357
"(67, 5)",3.16470464
"(5, 67)",3.16470464
"(67, 6)",1.828694853
"(6, 67)",1.828694853
"(67, 7)",5.615205453
"(7, 67)",5.615205453
"(67, 8)",3.964160569
"(8, 67)",3.964160569
"(67, 9)",13.72732813
"(9, 67)",13.72732813
"(68, 1)",7.164469767
"(1, 68)",7.164469767
"(68, 2)",3.88978246
"(2, 68)",3.88978246
"(68, 3)",6.951525925
"(3, 68)",6.951525925
"(68, 4)",7.49653043
"(4, 68)",7.49653043
"(68, 5)",9.538355536
"(5, 68)",9.538355536
"(68, 6)",6.15436907
"(6, 68)",6.15436907
"(68, 7)",13.56881639
"(7, 68)",13.56881639
"(68, 8)",12.37870451
"(8, 68)",12.37870451
"(68, 9)",2.143046442
"(9, 68)",2.143046442
"(69, 1)",16.17683475
"(1, 69)",16.17683475
"(69, 2)",20.29764295
"(2, 69)",20.29764295
"(69, 3)",16.89787366
"(3, 69)",16.89787366
"(69, 4)",20.67599575
"(4, 69)",20.67599575
"(69, 5)",20.4683957
"(5, 69)",20.4683957
"(69, 6)",16.44228444
"(6, 69)",16.44228444
"(69, 7)",10.47407812
"(7, 69)",10.47407812
"(69, 8)",11.80946654
"(8, 69)",11.80946654
"(69, 9)",23.95695891
"(9, 69)",23.95695891
"(70, 1)",6.183262821
"(1, 70)",6.183262821
"(70, 2)",5.254623862
"(2, 70)",5.254623862
"(70, 3)",5.970318979
"(3, 70)",5.970318979
"(70, 4)",8.585483107
"(4, 70)",8.585483107
"(70, 5)",10.62730821
"(5, 70)",10.62730821
"(70, 6)",7.099412223
"(6, 70)",7.099412223
"(70, 7)",12.58760944
"(7, 70)",12.58760944
"(70, 8)",11.39749757
"(8, 70)",11.39749757
"(70, 9)",3.717600556
"(9, 70)",3.717600556
"(71, 1)",6.249873792
"(1, 71)",6.249873792
"(71, 2)",4.53880447
"(2, 71)",4.53880447
"(71, 3)",6.036929951
"(3, 71)",6.036929951
"(71, 4)",7.869725852
"(4, 71)",7.869725852
"(71, 5)",9.911488821
"(5, 71)",9.911488821
"(71, 6)",6.383592831
"(6, 71)",6.383592831
"(71, 7)",12.65422042
"(7, 71)",12.65422042
"(71, 8)",11.46410854
"(8, 71)",11.46410854
"(71, 9)",2.953065678
"(9, 71)",2.953065678
"(72, 1)",3.821804473
"(1, 72)",3.821804473
"(72, 2)",1.729586179
"(2, 72)",1.729586179
"(72, 3)",3.739659226
"(3, 72)",3.739659226
"(72, 4)",2.848861761
"(4, 72)",2.848861761
"(72, 5)",3.415800661
"(5, 72)",3.415800661
"(72, 6)",3.777687132
"(6, 72)",3.777687132
"(72, 7)",12.47818601
"(7, 72)",12.47818601
"(72, 8)",7.536608859
"(8, 72)",7.536608859
"(72, 9)",7.799448792
"(9, 72)",7.799448792
"(73, 1)",3.136245848
"(1, 73)",3.136245848
"(73, 2)",4.314489539
"(2, 73)",4.314489539
"(73, 3)",3.884314395
"(3, 73)",3.884314395
"(73, 4)",2.077181116
"(4, 73)",2.077181116
"(73, 5)",2.644120016
"(5, 73)",2.644120016
"(73, 6)",1.24081575
"(6, 73)",1.24081575
"(73, 7)",6.670976919
"(7, 73)",6.670976919
"(73, 8)",5.019869898
"(8, 73)",5.019869898
"(73, 9)",9.217355277
"(9, 73)",9.217355277
"(74, 1)",4.926602111
"(1, 74)",4.926602111
"(74, 2)",5.055785142
"(2, 74)",5.055785142
"(74, 3)",5.817834536
"(3, 74)",5.817834536
"(74, 4)",1.608543108
"(4, 74)",1.608543108
"(74, 5)",1.400943057
"(5, 74)",1.400943057
"(74, 6)",3.111701694
"(6, 74)",3.111701694
"(74, 7)",6.340656095
"(7, 74)",6.340656095
"(74, 8)",5.875559902
"(8, 74)",5.875559902
"(74, 9)",10.27797344
"(9, 74)",10.27797344
"(75, 1)",4.232033607
"(1, 75)",4.232033607
"(75, 2)",4.428324706
"(2, 75)",4.428324706
"(75, 3)",4.83190517
"(3, 75)",4.83190517
"(75, 4)",1.111011348
"(4, 75)",1.111011348
"(75, 5)",1.212232684
"(5, 75)",1.212232684
"(75, 6)",2.55426977
"(6, 75)",2.55426977
"(75, 7)",10.2745559
"(7, 75)",10.2745559
"(75, 8)",6.249935929
"(8, 75)",6.249935929
"(75, 9)",9.650513001
"(9, 75)",9.650513001
"(76, 1)",3.15507339
"(1, 76)",3.15507339
"(76, 2)",1.731388154
"(2, 76)",1.731388154
"(76, 3)",3.072928143
"(3, 76)",3.072928143
"(76, 4)",3.318059003
"(4, 76)",3.318059003
"(76, 5)",3.884997903
"(5, 76)",3.884997903
"(76, 6)",3.110956049
"(6, 76)",3.110956049
"(76, 7)",8.52092266
"(7, 76)",8.52092266
"(76, 8)",6.869877776
"(8, 76)",6.869877776
"(76, 9)",7.049081172
"(9, 76)",7.049081172
"(77, 1)",4.949468563
"(1, 77)",4.949468563
"(77, 2)",2.559986383
"(2, 77)",2.559986383
"(77, 3)",4.25788264
"(3, 77)",4.25788264
"(77, 4)",6.340904644
"(4, 77)",6.340904644
"(77, 5)",8.38272975
"(5, 77)",8.38272975
"(77, 6)",4.824572992
"(6, 77)",4.824572992
"(77, 7)",10.2345396
"(7, 77)",10.2345396
"(77, 8)",8.58349472
"(8, 77)",8.58349472
"(77, 9)",5.243998417
"(9, 77)",5.243998417
"(78, 1)",3.163710447
"(1, 78)",3.163710447
"(78, 2)",1.740025211
"(2, 78)",1.740025211
"(78, 3)",3.0815652
"(3, 78)",3.0815652
"(78, 4)",3.32669606
"(4, 78)",3.32669606
"(78, 5)",3.893572823
"(5, 78)",3.893572823
"(78, 6)",3.119593106
"(6, 78)",3.119593106
"(78, 7)",8.529559717
"(7, 78)",8.529559717
"(78, 8)",6.878514833
"(8, 78)",6.878514833
"(78, 9)",7.057718229
"(9, 78)",7.057718229
"(79, 1)",0.868676658
"(1, 79)",0.868676658
"(79, 2)",4.452185352
"(2, 79)",4.452185352
"(79, 3)",0.757202701
"(3, 79)",0.757202701
"(79, 4)",5.07703603
"(4, 79)",5.07703603
"(79, 5)",5.64397493
"(5, 79)",5.64397493
"(79, 6)",3.289227389
"(6, 79)",3.289227389
"(79, 7)",8.199176756
"(7, 79)",8.199176756
"(79, 8)",7.00906488
"(8, 79)",7.00906488
"(79, 9)",8.111501308
"(9, 79)",8.111501308
"(80, 1)",8.671729402
"(1, 80)",8.671729402
"(80, 2)",12.7925376
"(2, 80)",12.7925376
"(80, 3)",9.39276831
"(3, 80)",9.39276831
"(80, 4)",10.90332121
"(4, 80)",10.90332121
"(80, 5)",10.69572116
"(5, 80)",10.69572116
"(80, 6)",6.87472447
"(6, 80)",6.87472447
"(80, 7)",1.339427328
"(7, 80)",1.339427328
"(80, 8)",3.462776309
"(8, 80)",3.462776309
"(80, 9)",16.45185356
"(9, 80)",16.45185356
"(81, 1)",8.666385611
"(1, 81)",8.666385611
"(81, 2)",5.417112378
"(2, 81)",5.417112378
"(81, 3)",8.45344177
"(3, 81)",8.45344177
"(81, 4)",11.49194596
"(4, 81)",11.49194596
"(81, 5)",11.28434591
"(5, 81)",11.28434591
"(81, 6)",7.680766931
"(6, 81)",7.680766931
"(81, 7)",15.07073223
"(7, 81)",15.07073223
"(81, 8)",13.88062036
"(8, 81)",13.88062036
"(81, 9)",0.72849536
"(9, 81)",0.72849536
"(82, 1)",9.616524007
"(1, 82)",9.616524007
"(82, 2)",7.827037664
"(2, 82)",7.827037664
"(82, 3)",9.403580166
"(3, 82)",9.403580166
"(82, 4)",12.765073
"(4, 82)",12.765073
"(82, 5)",12.55747295
"(5, 82)",12.55747295
"(82, 6)",9.671826026
"(6, 82)",9.671826026
"(82, 7)",16.02087063
"(7, 82)",16.02087063
"(82, 8)",14.83075875
"(8, 82)",14.83075875
"(82, 9)",1.527392055
"(9, 82)",1.527392055
"(83, 1)",0.868676658
"(1, 83)",0.868676658
"(83, 2)",4.452185352
"(2, 83)",4.452185352
"(83, 3)",0.757202701
"(3, 83)",0.757202701
"(83, 4)",5.07703603
"(4, 83)",5.07703603
"(83, 5)",5.64397493
"(5, 83)",5.64397493
"(83, 6)",3.289227389
"(6, 83)",3.289227389
"(83, 7)",8.199176756
"(7, 83)",8.199176756
"(83, 8)",7.00906488
"(8, 83)",7.00906488
"(83, 9)",8.111501308
"(9, 83)",8.111501308
"(84, 1)",7.861213069
"(1, 84)",7.861213069
"(84, 2)",5.196463536
"(2, 84)",5.196463536
"(84, 3)",7.648331365
"(3, 84)",7.648331365
"(84, 4)",11.41849991
"(4, 84)",11.41849991
"(84, 5)",11.21083772
"(5, 84)",11.21083772
"(84, 6)",7.737311692
"(6, 84)",7.737311692
"(84, 7)",14.26555969
"(7, 84)",14.26555969
"(84, 8)",13.07550995
"(8, 84)",13.07550995
"(84, 9)",0.726693385
"(9, 84)",0.726693385
"(85, 1)",1.08075058
"(1, 85)",1.08075058
"(85, 2)",4.30224853
"(2, 85)",4.30224853
"(85, 3)",1.971983006
"(3, 85)",1.971983006
"(85, 4)",4.547627938
"(4, 85)",4.547627938
"(85, 5)",5.114566838
"(5, 85)",5.114566838
"(85, 6)",1.346697368
"(6, 85)",1.346697368
"(85, 7)",6.492581305
"(7, 85)",6.492581305
"(85, 8)",4.841474284
"(8, 85)",4.841474284
"(85, 9)",10.1888067
"(9, 85)",10.1888067
"(86, 1)",6.560435018
"(1, 86)",6.560435018
"(86, 2)",7.741785563
"(2, 86)",7.741785563
"(86, 3)",7.281473926
"(3, 86)",7.281473926
"(86, 4)",7.147382065
"(4, 86)",7.147382065
"(86, 5)",6.939719876
"(5, 86)",6.939719876
"(86, 6)",4.597896852
"(6, 86)",4.597896852
"(86, 7)",1.649056497
"(7, 86)",1.649056497
"(86, 8)",0.684191608
"(8, 86)",0.684191608
"(86, 9)",14.34055917
"(9, 86)",14.34055917
"(87, 1)",13.52016304
"(1, 87)",13.52016304
"(87, 2)",17.6409091
"(2, 87)",17.6409091
"(87, 3)",14.24120195
"(3, 87)",14.24120195
"(87, 4)",15.90144312
"(4, 87)",15.90144312
"(87, 5)",15.69384307
"(5, 87)",15.69384307
"(87, 6)",13.78561273
"(6, 87)",13.78561273
"(87, 7)",7.817406414
"(7, 87)",7.817406414
"(87, 8)",9.152732693
"(8, 87)",9.152732693
"(87, 9)",21.30028719
"(9, 87)",21.30028719
"(88, 1)",3.053106409
"(1, 88)",3.053106409
"(88, 2)",2.411913674
"(2, 88)",2.411913674
"(88, 3)",2.414212746
"(3, 88)",2.414212746
"(88, 4)",5.793414656
"(4, 88)",5.793414656
"(88, 5)",8.450024229
"(5, 88)",8.450024229
"(88, 6)",4.256702036
"(6, 88)",4.256702036
"(88, 7)",11.35648708
"(7, 88)",11.35648708
"(88, 8)",10.16643734
"(8, 88)",10.16643734
"(88, 9)",5.019559212
"(9, 88)",5.019559212
"(89, 1)",3.217024078
"(1, 89)",3.217024078
"(89, 2)",4.439571521
"(2, 89)",4.439571521
"(89, 3)",4.009396378
"(3, 89)",4.009396378
"(89, 4)",2.272353747
"(4, 89)",2.272353747
"(89, 5)",2.477654725
"(5, 89)",2.477654725
"(89, 6)",1.121326107
"(6, 89)",1.121326107
"(89, 7)",6.421372188
"(7, 89)",6.421372188
"(89, 8)",4.770327304
"(8, 89)",4.770327304
"(89, 9)",12.3250802
"(9, 89)",12.3250802
"(90, 1)",11.73539912
"(1, 90)",11.73539912
"(90, 2)",7.737684515
"(2, 90)",7.737684515
"(90, 3)",11.52245528
"(3, 90)",11.52245528
"(90, 4)",11.30671526
"(4, 90)",11.30671526
"(90, 5)",11.09905308
"(5, 90)",11.09905308
"(90, 6)",10.3482505
"(6, 90)",10.3482505
"(90, 7)",18.13974574
"(7, 90)",18.13974574
"(90, 8)",16.94963386
"(8, 90)",16.94963386
"(90, 9)",2.843890793
"(9, 90)",2.843890793
"(91, 1)",2.714148528
"(1, 91)",2.714148528
"(91, 2)",3.476135785
"(2, 91)",3.476135785
"(91, 3)",3.314020091
"(3, 91)",3.314020091
"(91, 4)",2.02094704
"(4, 91)",2.02094704
"(91, 5)",2.587885941
"(5, 91)",2.587885941
"(91, 6)",2.384697624
"(6, 91)",2.384697624
"(91, 7)",7.794664235
"(7, 91)",7.794664235
"(91, 8)",6.143619351
"(8, 91)",6.143619351
"(91, 9)",8.379001524
"(9, 91)",8.379001524
"(92, 1)",17.3169884
"(1, 92)",17.3169884
"(92, 2)",21.4377966
"(2, 92)",21.4377966
"(92, 3)",18.03808944
"(3, 92)",18.03808944
"(92, 4)",18.0900982
"(4, 92)",18.0900982
"(92, 5)",17.88243601
"(5, 92)",17.88243601
"(92, 6)",17.58250023
"(6, 92)",17.58250023
"(92, 7)",11.61423177
"(7, 92)",11.61423177
"(92, 8)",12.94962019
"(8, 92)",12.94962019
"(92, 9)",25.09717469
"(9, 92)",25.09717469
"(93, 1)",1.703240048
"(1, 93)",1.703240048
"(93, 2)",1.923018971
"(2, 93)",1.923018971
"(93, 3)",1.389261282
"(3, 93)",1.389261282
"(93, 4)",4.159395337
"(4, 93)",4.159395337
"(93, 5)",4.726334237
"(5, 93)",4.726334237
"(93, 6)",2.622744854
"(6, 93)",2.622744854
"(93, 7)",8.032711465
"(7, 93)",8.032711465
"(93, 8)",6.381666581
"(8, 93)",6.381666581
"(93, 9)",6.205756451
"(9, 93)",6.205756451
"(94, 1)",7.055916253
"(1, 94)",7.055916253
"(94, 2)",3.404988806
"(2, 94)",3.404988806
"(94, 3)",6.842972412
"(3, 94)",6.842972412
"(94, 4)",7.011736775
"(4, 94)",7.011736775
"(94, 5)",10.49700671
"(5, 94)",10.49700671
"(94, 6)",5.669575415
"(6, 94)",5.669575415
"(94, 7)",13.46026288
"(7, 94)",13.46026288
"(94, 8)",12.270151
"(8, 94)",12.270151
"(94, 9)",3.389765216
"(9, 94)",3.389765216
"(95, 1)",7.886192184
"(1, 95)",7.886192184
"(95, 2)",5.137681839
"(2, 95)",5.137681839
"(95, 3)",7.673248342
"(3, 95)",7.673248342
"(95, 4)",11.35971821
"(4, 95)",11.35971821
"(95, 5)",11.15211816
"(5, 95)",11.15211816
"(95, 6)",7.762228669
"(6, 95)",7.762228669
"(95, 7)",14.29053881
"(7, 95)",14.29053881
"(95, 8)",13.10042693
"(8, 95)",13.10042693
"(95, 9)",0.834066293
"(9, 95)",0.834066293
"(96, 1)",13.15535613
"(1, 96)",13.15535613
"(96, 2)",17.27616432
"(2, 96)",17.27616432
"(96, 3)",13.87639503
"(3, 96)",13.87639503
"(96, 4)",18.69705339
"(4, 96)",18.69705339
"(96, 5)",18.4893912
"(5, 96)",18.4893912
"(96, 6)",13.42080582
"(6, 96)",13.42080582
"(96, 7)",7.4525995
"(7, 96)",7.4525995
"(96, 8)",8.787987916
"(8, 96)",8.787987916
"(96, 9)",20.93548028
"(9, 96)",20.93548028
"(97, 1)",11.6796
"(1, 97)",11.6796
"(97, 2)",8.931276069
"(2, 97)",8.931276069
"(97, 3)",11.46665616
"(3, 97)",11.46665616
"(97, 4)",15.87298433
"(4, 97)",15.87298433
"(97, 5)",15.66532214
"(5, 97)",15.66532214
"(97, 6)",14.19534477
"(6, 97)",14.19534477
"(97, 7)",18.08394662
"(7, 97)",18.08394662
"(97, 8)",16.89383475
"(8, 97)",16.89383475
"(97, 9)",4.046554363
"(9, 97)",4.046554363
"(98, 1)",7.909182911
"(1, 98)",7.909182911
"(98, 2)",5.891777685
"(2, 98)",5.891777685
"(98, 3)",7.696239069
"(3, 98)",7.696239069
"(98, 4)",9.222699068
"(4, 98)",9.222699068
"(98, 5)",11.26446204
"(5, 98)",11.26446204
"(98, 6)",7.736566047
"(6, 98)",7.736566047
"(98, 7)",14.31352953
"(7, 98)",14.31352953
"(98, 8)",13.12341766
"(8, 98)",13.12341766
"(98, 9)",2.2369356
"(9, 98)",2.2369356
"(99, 1)",4.451626118
"(1, 99)",4.451626118
"(99, 2)",4.647979354
"(2, 99)",4.647979354
"(99, 3)",5.051497682
"(3, 99)",5.051497682
"(99, 4)",0
"(4, 99)",0
"(99, 5)",0.849662705
"(5, 99)",0.849662705
"(99, 6)",3.596371074
"(6, 99)",3.596371074
"(99, 7)",9.912048055
"(7, 99)",9.912048055
"(99, 8)",7.08984311
"(8, 99)",7.08984311
"(99, 9)",9.870105512
"(9, 99)",9.870105512
"(100, 1)",15.66942319
"(1, 100)",15.66942319
"(100, 2)",19.79016925
"(2, 100)",19.79016925
"(100, 3)",16.3904621
"(3, 100)",16.3904621
"(100, 4)",17.45387643
"(4, 100)",17.45387643
"(100, 5)",17.24621424
"(5, 100)",17.24621424
"(100, 6)",15.93487288
"(6, 100)",15.93487288
"(100, 7)",9.966666566
"(7, 100)",9.966666566
"(100, 8)",11.30199284
"(8, 100)",11.30199284
"(100, 9)",23.44954735
"(9, 100)",23.44954735
"(101, 1)",12.58450259
"(1, 101)",12.58450259
"(101, 2)",16.70531079
"(2, 101)",16.70531079
"(101, 3)",13.3055415
"(3, 101)",13.3055415
"(101, 4)",17.41566211
"(4, 101)",17.41566211
"(101, 5)",17.20806206
"(5, 101)",17.20806206
"(101, 6)",12.84995228
"(6, 101)",12.84995228
"(101, 7)",6.881745962
"(7, 101)",6.881745962
"(101, 8)",8.217134378
"(8, 101)",8.217134378
"(101, 9)",20.36462674
"(9, 101)",20.36462674
"(102, 1)",12.25051568
"(1, 102)",12.25051568
